0.000000 255 255 15 0 
1.000000 63 143 103 255 
2.000000 15 104 55 255 
3.000000 51 160 44 255 
4.000000 112 207 204 255 
5.000000 244 223 138 255 
7.000000 213 168 32 255 
8.000000 253 191 111 255 
9.000000 253 191 111 255 
10.000000 253 191 189 255 
11.000000 230 160 194 255 
12.000000 165 191 221 255 
13.000000 197 197 193 255 
14.000000 255 1 1 255 
15.000000 241 241 225 255 
16.000000 127 216 191 255 
17.000000 25 78 30 255 
18.000000 254 240 231 255 
19.000000 178 223 138 255 
20.000000 0 255 25 255 
21.000000 186 136 226 255 
22.000000 201 201 201 255 
23.000000 129 129 129 255 
24.000000 199 213 0 255 
25.000000 30 255 195 255 
26.000000 154 30 255 255 
27.000000 10 87 16 0 
9999.000000 255 0 209 0 
